0
40
80
120
120
160
200
240
280
320
360
400
440
480
520
560
600
640
680
720
760
800
840
880
920
960
1000
1040
1080
1120
1160
1200
1240
1280
1320
1360
1400
1440
1480
1520
1560
1600
1640
1680
1720
1760
1800
1840
1880
1920
1960
2000
2040
2080
2120
2160
2200
2240
2280
2320
2360
2400
2440
2480
2520
2560
2600
2640
2680
2720
2760
2800
2840
2880
2920
2960
3000
3040
3080
3120
3160
3200
3240
3280
3320
3360
3400
3440
3480
3520
3560
3600
3640
3680
3720
3760
3800
3840
3880
3920
3960
4000
4040
4080
4120
4160
4200
4240
4280
4320
4360
4400
4440
4480
4520
4560
4600
4640
4680
4720
4760
4800
4840
4880
4920
4960
5000
5040
5080
5120
5160
5200
5240
5280
5320
5360
5400
5440
5480
5520
5560
5600
5640
5680
5720
5760
5800
5840
5880
5920
5960
6000
6040
6080
6120
6160
6200
6240
6280
6320
6360
6400
6440
6480
6520
6560
6600
6640
6680
6720
6760
6800
6840
6880
6920
6960
7000
7040
7080
7120
7160
7200
7240
7280
7320
7360
7400
7440
7480
7520
7560
7600
7640
7680
7720
7760
7800
7840
7880
7920
7960
8000
8040
8080
8120
8160
8200
8240
8280
8320
8360
8400
8440
8480
8520
8560
8600
8640
8680
8720
8760
8800
8840
8880
8920
8960
9000
9040
9080
9120
9160
9200
9240
9280
9320
9360
9400
9440
9480
9520
9560
9600
9640
9680
9720
9760
9800
9840
9880
9920
9960
10000
10040
10080
10120
10160
10200
10240
10280
10320
10360
10400
10440
10480
10520
10560
10600
10640
10680
10720
10760
10800
10840
10880
10920
10960
11000
11040
11080
11120
11160
11200
11240
11280
11320
11360
11400
11440
11480
11520
11560
11600
11640
11680
11720
11760
11800
11840
11880
11880
11880
